LUMI SET TO 3000.!
            CUT              N2C1_200_160_Delphe N2C1_250_240_Delphe N2C1_300_280_Delphe           tt                  DY2                 Wj2                 WW                ALL SIG             ALL BKG     
----------------------------------------------------------------------------------------------------------------------------------------------------------------------------------------------------------------
entry point                      731.50   27.12     249.13   10.61     299.88    8.30      47479  912.92      20235  149.71      12960  419.05     835.10   24.42       1280   30.28      81510 1015.90 
alwaystrue                       731.50   27.12     249.13   10.61     299.88    8.30      47479  912.92      20235  149.71      12960  419.05     835.10   24.42       1280   30.28      81510 1015.90 
nLep-equal-2                     634.77   25.27     232.00   10.24     276.12    7.97      42241  875.94      19823  148.40      10529  379.53     805.45   23.97       1142   28.41      73400  966.39 
2-leps                           634.77   25.27     232.00   10.24     276.12    7.97      42241  875.94      19823  148.40      10529  379.53     805.45   23.97       1142   28.41      73400  966.39 
nSoftLep-equal-2                 634.77   25.27     232.00   10.24     276.12    7.97      42241  875.94      19823  148.40      10529  379.53     805.45   23.97       1142   28.41      73400  966.39 
lep-pts                          634.77   25.27     232.00   10.24     276.12    7.97      42241  875.94      19819  148.39      10520  379.41     805.45   23.97       1142   28.41      73387  966.35 
lep-etas                         634.77   25.27     232.00   10.24     276.12    7.97      42241  875.94      19819  148.39      10520  379.41     805.45   23.97       1142   28.41      73387  966.35 
SFOS                             634.77   25.27     232.00   10.24     276.12    7.97      42241  875.94      19819  148.39      10520  379.41     805.45   23.97       1142   28.41      73387  966.35 
mhlt-larger-250                  234.11   15.36     132.41    7.73     134.97    5.55       7390  241.57     775.59   29.96       2030  148.34     255.14   13.48     501.50   18.08      10451  285.38 
nbjet                            225.14   15.07     125.65    7.53     130.40    5.46       7289  240.92     775.59   29.96       2027  148.32     250.98   13.38     481.19   17.71      10343  284.82 
mllMin-in-5-40                   210.80   14.57      69.82    5.61     112.99    5.08       4652  201.86     681.69   27.91       1034  101.96     183.13   11.44     393.61   16.42       6552  228.15 
dPhi-VecSum-Jet1-larger-2        210.80   14.57      69.82    5.61     112.99    5.08       4609  201.72     677.43   27.90       1025  101.91     183.13   11.44     393.61   16.42       6495  228.01 
jet1-pt-larger-200               190.93   13.88      61.75    5.28      96.38    4.69       3242  144.53     612.27   27.02     927.73   96.48     155.73   10.56     349.06   15.57       4937  176.18 
nJet40-in-1-4                    183.76   13.61      58.96    5.16      94.09    4.64       2783  136.27     602.37   27.00     906.30   96.35     154.35   10.52     336.82   15.27       4446  169.39 
dR-Lep1-Lep2-smaller-2           124.84   11.23      56.23    5.03      83.32    4.37       1701  109.85     531.44   23.93     452.94   65.78      93.04    8.17     264.40   13.06       2778  130.51 
mll-bin-3                         20.27    4.54     0.0000  0.0000       0.89    0.45     233.00   24.44      19.39    2.41      27.60   14.25      14.93    3.26      21.16    4.56     294.93   28.58 
mhlt40-bin-4                       0.97    0.97     0.0000  0.0000     0.0000  0.0000      12.33    2.36       1.70    0.42       4.05    2.20     0.0000  0.0000       0.97    0.97      18.08    3.26 
subleading-lepton-bin-2            0.97    0.97     0.0000  0.0000     0.0000  0.0000       2.59    0.58       0.41    0.21     0.0000  0.0000     0.0000  0.0000       0.97    0.97       2.99    0.61 
