LUMI SET TO 3000.!
            CUT              S_200_160_ S_225_218_ S_300_280_      tt         DY2        Wj2        WW       ALL SIG    ALL BKG 
-------------------------------------------------------------------------------------------------------------------------------
entry point                      372.36      67.11     128.36      49050      23527      15405     648.35     567.83      88632 
alwaystrue                       372.36      67.11     128.36      49050      23527      15405     648.35     567.83      88632 
nLep-equal-2                     316.73      65.56     117.23      43504      23013      12549     636.21     499.51      79703 
2-leps                           316.73      65.56     117.23      43504      23013      12549     636.21     499.51      79703 
nSoftLep-equal-2                 316.73      65.56     117.23      43504      23013      12549     636.21     499.51      79703 
lep-pts                          316.73      65.56     117.23      43504      23010      12549     636.21     499.51      79700 
lep-etas                         288.26      65.04     113.51      42196      22090      12031     610.62     466.80      76929 
SFOS                             288.26      65.04     113.51      42196      22090      12031     610.62     466.80      76929 
mhlt-larger-250                  107.86      38.59      59.08       7632     858.42       2275     170.88     205.53      10938 
nbjet                            101.84      38.59      56.84       7509     858.33       2275     170.88     197.27      10814 
mllMin-in-5-40                    98.38      11.95      50.58       4636     769.25       1227     128.43     160.91       6760 
dPhi-VecSum-Jet1-larger-2         97.68      11.95      50.58       4582     765.98       1219     128.43     160.21       6696 
jet1-pt-larger-200                83.09       9.88      44.61       3131     679.20       1087     108.25     137.58       5006 
nJet40-in-1-4                     81.46       9.18      43.58       2739     670.07       1063     105.54     134.22       4578 
dR-Lep1-Lep2-smaller-2            54.38       7.79      38.42       1703     611.36     537.37      67.89     100.59       2920 
mll-bin-1                         15.02       0.52      26.32     656.70     300.65     240.02      30.31      41.85       1227 
mhlt40-bin-3                       1.38     0.0000       3.10      77.07      22.31      17.08       4.72       4.49     121.18 
subleading-lepton-bin-1            0.69     0.0000     0.0000       4.72       4.89     0.0000     0.0000       0.69       9.61 
leading-lepton-bin-1               0.69     0.0000     0.0000       4.72       4.89     0.0000     0.0000       0.69       9.61 
