LUMI SET TO 3000.!
            CUT              S_200_180_ S_225_218_ S_300_280_      tt         DY2        Wj2        WW       ALL SIG    ALL BKG 
-------------------------------------------------------------------------------------------------------------------------------
entry point                      817.57     134.22     256.72      49050      23527      15405     648.35       1208      88632 
alwaystrue                       817.57     134.22     256.72      49050      23527      15405     648.35       1208      88632 
nLep-equal-2                     749.66     131.11     234.46      43504      23013      12549     636.21       1115      79703 
2-leps                           749.66     131.11     234.46      43504      23013      12549     636.21       1115      79703 
nSoftLep-equal-2                 749.66     131.11     234.46      43504      23013      12549     636.21       1115      79703 
lep-pts                          749.66     131.11     234.46      43504      23010      12549     636.21       1115      79700 
lep-etas                         717.67     130.08     227.02      42196      22090      12031     610.62       1074      76929 
SFOS                             717.67     130.08     227.02      42196      22090      12031     610.62       1074      76929 
mhlt-larger-250                  345.46      77.19     118.16       7632     858.42       2275     170.88     540.80      10938 
nbjet                            337.69      77.19     113.68       7509     858.33       2275     170.88     528.56      10814 
mllMin-in-5-40                   301.73      23.90     101.16       4636     769.25       1227     128.43     426.79       6760 
dPhi-VecSum-Jet1-larger-2        300.28      23.90     101.16       4582     765.98       1219     128.43     425.34       6696 
jet1-pt-larger-200               250.80      19.76      89.23       3131     679.20       1087     108.25     359.78       5006 
nJet40-in-1-4                    243.04      18.36      87.16       2739     670.07       1063     105.54     348.55       4578 
dR-Lep1-Lep2-smaller-2           217.79      15.57      76.85       1703     611.36     537.37      67.89     310.21       2920 
mll-bin-2                          2.90     0.0000       1.15     566.65     108.20     168.16      19.48       4.05     862.49 
mhlt40-bin-1                     0.0000     0.0000       0.46     131.45      18.39      33.69       2.01       0.46     185.54 
subleading-lepton-bin-1          0.0000     0.0000       0.46      29.81      10.02       1.73     0.0000       0.46      41.56 
