LUMI SET TO 3000.!
            CUT              S_200_160_Delphes_v S_250_240_Delphes_v S_300_280_Delphes_v           tt                  DY2                 Wj2                 WW                ALL SIG             ALL BKG     
----------------------------------------------------------------------------------------------------------------------------------------------------------------------------------------------------------------
entry point                      676.53   23.25     194.26    8.23     243.45    6.61      53608  968.39      25002  171.15      16121  478.35     647.57   38.29       1114   25.53      95379 1094.24 
alwaystrue                       676.53   23.25     194.26    8.23     243.45    6.61      53608  968.39      25002  171.15      16121  478.35     647.57   38.29       1114   25.53      95379 1094.24 
nLep-equal-2                     581.89   21.57     180.11    7.93     223.48    6.33      47736  924.74      24489  169.68      12948  430.22     640.15   38.04     985.49   23.84      85814 1034.64 
2-leps                           581.89   21.57     180.11    7.93     223.48    6.33      47736  924.74      24489  169.68      12948  430.22     640.15   38.04     985.49   23.84      85814 1034.64 
nSoftLep-equal-2                 581.89   21.57     180.11    7.93     223.48    6.33      47736  924.74      24489  169.68      12948  430.22     640.15   38.04     985.49   23.84      85814 1034.64 
lep-pts                          581.89   21.57     180.11    7.93     223.48    6.33      47736  924.74      24484  169.67      12947  430.21     640.15   38.04     985.49   23.84      85808 1034.64 
lep-etas                         528.22   20.56     177.59    7.88     214.93    6.21      46363  907.38      23429  165.92      12358  420.64     612.55   37.18     920.73   22.88      82764 1014.49 
SFOS                             528.22   20.56     177.59    7.88     214.93    6.21      46363  907.38      23429  165.92      12358  420.64     612.55   37.18     920.73   22.88      82764 1014.49 
mhlt-larger-250                  188.87   12.30     102.89    6.00     102.83    4.27       8011  249.32     915.79   32.54       2382  161.20     176.22   20.03     394.59   14.33      11485  299.35 
nbjet                            181.10   12.04      97.61    5.84      98.93    4.19       7904  248.68     915.79   32.54       2381  161.20     176.22   20.03     377.64   14.02      11377  298.81 
mllMin-in-5-40                   168.83   11.61      55.06    4.37      86.05    3.90       4870  201.70     817.80   31.34       1240  112.00     124.41   16.80     309.94   13.00       7053  233.43 
dPhi-VecSum-Jet1-larger-2        168.83   11.61      55.06    4.37      86.05    3.90       4820  201.49     812.51   31.33       1232  111.97     124.41   16.80     309.94   13.00       6990  233.23 
jet1-pt-larger-200               154.49   11.12      48.94    4.12      73.06    3.60       3394  142.45     727.30   29.97       1107  105.45     112.97   15.98     276.49   12.40       5342  180.46 
nJet40-in-1-4                    147.88   10.87      46.30    4.00      71.11    3.55       2824  128.23     714.37   29.94       1075  104.53     110.26   15.75     265.29   12.11       4724  168.86 
dR-Lep1-Lep2-smaller-2            99.37    8.91      43.33    3.85      62.78    3.34       1757  106.72     625.83   26.32     439.29   61.11      69.90   12.47     205.49   10.27       2892  126.38 
mll-bin-3                         14.83    3.44     0.0000  0.0000       0.65    0.32     278.11   30.00      28.48    3.95      32.02   16.86      17.47    6.24      15.48    3.45     356.09   35.20 
mhlt40-bin-4                       0.70    0.70     0.0000  0.0000     0.0000  0.0000      12.76    2.36       2.29    0.54       3.67    2.06     0.0000  0.0000       0.70    0.70      18.72    3.18 
subleading-lepton-bin-0          0.0000  0.0000     0.0000  0.0000     0.0000  0.0000       2.72    1.50     0.1091  0.1042       0.86    0.60     0.0000  0.0000     0.0000  0.0000       3.69    1.62 
