LUMI SET TO 3000.!
            CUT              S_200_180_ S_225_215_ S_250_220_      WW         Wj2        DY2        tt       ALL SIG    ALL BKG 
-------------------------------------------------------------------------------------------------------------------------------
entry point                      408.79     143.50     246.31     648.35      15405      23527      49050     798.60      88632 
alwaystrue                       408.79     143.50     246.31     648.35      15405      23527      49050     798.60      88632 
nLep == 2                        374.83     132.77     214.03     636.21      12549      23013      43504     721.63      79703 
2 leps                           374.83     132.77     214.03     636.21      12549      23013      43504     721.63      79703 
nSoftLep == 2                    374.83     132.77     214.03     636.21      12549      23013      43504     721.63      79703 
lep pts                          374.83     132.77     213.71     636.21      12549      23010      43504     721.30      79700 
lep etas                         358.83     128.00     201.89     610.62      12031      22090      42196     688.72      76929 
SFOS                             358.83     128.00     201.89     610.62      12031      22090      42196     688.72      76929 
mhlt larger 250                  172.73      75.39      87.98     170.88       3032       5334       8961     336.10      17498 
nbjet                            168.85      74.34      83.61     170.88       3032       5332       8832     326.80      17367 
mllMin in [5, 40]                150.86      43.65      74.61     128.43       1619       4487       5087     269.13      11322 
dPhi VecSum Jet1 larger 2        150.14      43.65      74.17     128.43       1610       4471       5026     267.97      11236 
jet1_pt larger 200               125.40      37.26      64.76     108.25       1423       3840       3405     227.41       8778 
nJet40 in [1, 4]                 121.52      36.06      63.33     105.54       1390       3798       2969     220.91       8263 
MET over HT above 0.4            119.81      36.06      60.60     105.54     858.37     475.93       1998     216.47       3437 
dR Lep1 Lep2 smaller 2           107.92      31.89      43.87      67.89     429.99     451.14       1247     183.68       2196 
mll bin 3                        0.0000     0.0000     0.0000      14.07      35.49      17.11     164.02     0.0000     230.69 
mhlt40 bin 0                     0.0000     0.0000     0.0000       2.01      31.53      13.14      65.74     0.0000     112.42 
subleading lepton bin 0          0.0000     0.0000     0.0000       2.01      16.94       2.64       7.22     0.0000      28.82 
