LUMI SET TO 3000.!
            CUT              S_200_180_Delphes_v S_225_218_Delphes_v S_300_280_Delphes_v           tt                  DY2                 Wj2                 WW                ALL SIG             ALL BKG     
----------------------------------------------------------------------------------------------------------------------------------------------------------------------------------------------------------------
entry point                      817.57   35.99     134.22   12.25     256.72    9.82      49050  890.06      23527  156.64      15405  453.16     648.35   38.40       1208   39.26      88632 1011.72 
alwaystrue                       817.57   35.99     134.22   12.25     256.72    9.82      49050  890.06      23527  156.64      15405  453.16     648.35   38.40       1208   39.26      88632 1011.72 
nLep-equal-2                     749.66   34.48     131.11   12.11     234.46    9.38      43504  850.38      23013  154.74      12549  411.49     636.21   38.01       1115   37.73      79703  958.05 
2-leps                           749.66   34.48     131.11   12.11     234.46    9.38      43504  850.38      23013  154.74      12549  411.49     636.21   38.01       1115   37.73      79703  958.05 
nSoftLep-equal-2                 749.66   34.48     131.11   12.11     234.46    9.38      43504  850.38      23013  154.74      12549  411.49     636.21   38.01       1115   37.73      79703  958.05 
lep-pts                          749.66   34.48     131.11   12.11     234.46    9.38      43504  850.38      23010  154.74      12549  411.49     636.21   38.01       1115   37.73      79700  958.05 
lep-etas                         717.67   33.75     130.08   12.07     227.02    9.23      42196  827.40      22090  152.16      12031  403.19     610.62   37.20       1074   37.02      76929  933.64 
SFOS                             717.67   33.75     130.08   12.07     227.02    9.23      42196  827.40      22090  152.16      12031  403.19     610.62   37.20       1074   37.02      76929  933.64 
mhlt-larger-250                  345.46   23.38      77.19    9.38     118.16    6.66       7632  239.42     858.42   30.21       2275  157.41     170.88   19.81     540.80   26.06      10938  288.80 
nbjet                            337.69   23.12      77.19    9.38     113.68    6.53       7509  238.37     858.33   30.21       2275  157.41     170.88   19.81     528.56   25.79      10814  287.93 
mllMin-in-5-40                   301.73   21.78      23.90    5.27     101.16    6.15       4636  190.47     769.25   29.38       1227  113.85     128.43   17.04     426.79   23.24       6760  224.48 
dPhi-VecSum-Jet1-larger-2        300.28   21.73      23.90    5.27     101.16    6.15       4582  190.23     765.98   29.37       1219  113.81     128.43   17.04     425.34   23.19       6696  224.26 
jet1-pt-larger-200               250.80   19.86      19.76    4.84      89.23    5.77       3131  123.51     679.20   27.78       1087  105.50     108.25   15.62     359.78   21.25       5006  165.53 
nJet40-in-1-4                    243.04   19.55      18.36    4.64      87.16    5.70       2739  119.03     670.07   27.76       1063  105.01     105.54   15.38     348.55   20.89       4578  161.87 
dR-Lep1-Lep2-smaller-2           217.79   18.49      15.57    4.20      76.85    5.36       1703   96.70     611.36   27.40     537.37   76.11      67.89   12.31     310.21   19.70       2920  126.67 
mll-bin-1                        153.29   15.53       1.04    1.04      52.63    4.42     656.70   55.97     300.65   19.20     240.02   48.61      30.31    8.50     206.96   16.18       1227   77.05 
mhlt40-bin-0                      55.79    9.37     0.0000  0.0000      18.81    2.66     336.00   48.85     161.93   17.24     147.72   43.69      12.84    5.77      74.60    9.74     658.49   68.01 
subleading-lepton-bin-2            1.45    1.45     0.0000  0.0000       0.81    0.58       9.17    3.48      16.12    4.68       0.29    0.29     0.0000  0.0000       2.26    1.56      25.57    5.84 
